   2.9258325e+02   7.7107157e-02   7.7107157e-02  -2.9086117e+02   7.8588812e-01   7.8588812e-01
   7.7107157e-02   2.9258325e+02   7.7107157e-02   7.8588812e-01  -2.9086117e+02   7.8588812e-01
   7.7107157e-02   7.7107157e-02   2.9258325e+02   7.8588812e-01   7.8588812e-01  -2.9086117e+02
  -2.9086117e+02   7.8588812e-01   7.8588812e-01   2.9258325e+02   7.7107157e-02   7.7107157e-02
   7.8588812e-01  -2.9086117e+02   7.8588812e-01   7.7107157e-02   2.9258325e+02   7.7107157e-02
   7.8588812e-01   7.8588812e-01  -2.9086117e+02   7.7107157e-02   7.7107157e-02   2.9258325e+02
